# numStates:
8
# numObservations:
14
# defaultProbability:
1.2386752258543165E-33
# Quantizer: Radius
1.286
# Quantizer: MAP
0.7782738095238094, 1.0769230769230769, -0.12833333333333333
1.435328185328185, 1.675675675675676, 1.672432432432433
-0.25192012288786486, 0.36435070306038037, 2.111827956989247
-1.0370051635111874, 0.010658016682113068, 1.3334939759036144
-1.3223938223938223, 0.012474012474012471, 0.4151351351351351
-0.7038690476190476, 0.30608974358974367, -0.55
0.0, 0.0, -1.286
0.9093393206059, 0.0, -0.9093393206059004
1.185064935064935, 1.378787878787879, 0.6351515151515152
0.6737451737451738, 1.1975051975051976, 2.4648648648648654
0.18837535014005602, 0.145550527903469, 1.2164705882352944
0.0, -1.286, 0.0
0.0, -0.9093393206059004, -0.9093393206059001
0.054421768707483, 0.6593406593406593, -0.8895238095238095
# HMM: PI
1.0, 0.0, 0.0, 0.0, 0.0, 0.0, 0.0, 0.0
# HMM: A
0.33333333333333326, 0.33333333333333326, 0.33333333333333326, 0.0, 0.0, 0.0, 0.0, 0.0
0.0, 0.3333333333333334, 0.3333333333333334, 0.3333333333333334, 0.0, 0.0, 0.0, 0.0
0.0, 0.0, 0.3333333333333334, 0.3333333333333334, 0.3333333333333334, 0.0, 0.0, 0.0
0.0, 0.0, 0.0, 0.33333333333333337, 0.33333333333333337, 0.33333333333333337, 0.0, 0.0
0.0, 0.0, 0.0, 0.0, 0.3333333333333333, 0.3333333333333333, 0.3333333333333333, 0.0
0.0, 0.0, 0.0, 0.0, 0.0, 0.33333333333333326, 0.3333333333333333, 0.3333333333333333
0.0, 0.0, 0.0, 0.0, 0.0, 0.0, 0.5, 0.5
0.0, 0.0, 0.0, 0.0, 0.0, 0.0, 0.0, 0.9999999999999997
# HMM: B
1.1318836203827766E-9, 7.830392060105146E-7, 0.0023483321761030656, 0.28651120256064305, 1.6797802970538736E-12, 9.080532999677017E-12, 0.0, 0.0, 4.738841785334751E-8, 2.8522497683389155E-5, 0.7111111111111111, 0.0, 0.0, 8.419157536840114E-11
4.0565745183044054E-8, 1.995259585882264E-5, 0.0271322686808586, 0.8834019204420712, 8.074379225877499E-11, 4.085308733594047E-10, 0.0, 0.0, 1.398258539215065E-6, 5.555266334920144E-4, 0.08888888888888904, 0.0, 0.0, 3.44527133149534E-9
2.567487247372022E-7, 9.182081280562024E-5, 0.06255294567084292, 0.8760859625347687, 6.752744587492E-10, 3.2042729886911885E-9, 0.0, 0.0, 7.381098741549422E-6, 0.0020023453122015957, 0.059259259259261315, 0.0, 0.0, 2.4683106259388538E-8
2.0273929472985247E-6, 5.302819741379122E-4, 0.17973411912781345, 0.810608139338228, 6.997605354002514E-9, 3.1160508375346165E-8, 0.0, 0.0, 4.884447985266761E-5, 0.009076329878877427, 3.106545195760592E-14, 0.0, 0.0, 2.1964999854101493E-7
9.360210007338429E-6, 0.0017931491152258525, 0.30352111271506343, 0.6704077837663361, 4.2246568907232944E-8, 1.765353825744861E-7, 0.0, 0.0, 1.8944119935859706E-4, 0.02407779466154749, 2.719803660967101E-13, 0.0, 0.0, 1.1395502376137119E-6
4.0707734345906005E-5, 0.005702309221856318, 0.4747140594586441, 0.4590241176370946, 2.398886091048621E-7, 9.402063478057953E-7, 0.0, 0.0, 6.927738404987591E-4, 0.059819293951406796, 2.232599432850594E-12, 0.0, 0.0, 5.5580589640639484E-6
5.333862908176841E-4, 0.027110053828630916, 0.573291143826775, 0.2348563290750925, 1.1353838151474287E-5, 3.0414859347894263E-5, 0.0, 0.0, 0.005005410617312219, 0.15904643408832453, 2.052735646901728E-9, 0.0, 0.0, 1.1547152281209355E-4
0.06791278382608927, 0.10347257016046338, 0.211915937387782, 0.1133188311690377, 0.10473197929827062, 0.0679333530805625, 0.0, 0.0, 0.09319321231308232, 0.09599562344540812, 0.08208757179174721, 0.0, 0.0, 0.05943813752755647
# END