# numStates:
8
# numObservations:
14
# defaultProbability:
2.1137671193193156E-36
# Quantizer: Radius
1.0557857142857143
# Quantizer: MAP
1.0959821428571426, 0.47836538461538464, 0.7450000000000003
0.9071428571428573, 0.5041958041958042, 1.469818181818182
-0.26658163265306123, 0.38530219780219765, 1.925
-0.9508928571428572, 0.22235576923076925, 1.608125
-1.3243243243243246, 0.25675675675675685, 0.8756756756756758
-0.8609022556390977, 0.20647773279352227, 0.07368421052631581
0.24553571428571427, 0.10096153846153848, -0.44500000000000006
0.6302521008403362, 0.2058823529411765, -0.042352941176470586
0.0, 1.0557857142857143, 0.0
0.47338935574229707, 0.5437405731523379, 1.9529411764705875
0.029411764705882346, 0.11538461538461543, 1.0447058823529412
0.0, -1.0557857142857143, 0.0
0.0, -0.7465532380513116, -0.7465532380513114
-0.3373015873015872, 0.12962962962962965, -0.36888888888888893
# HMM: PI
1.0, 0.0, 0.0, 0.0, 0.0, 0.0, 0.0, 0.0
# HMM: A
0.3333333333333332, 0.3333333333333332, 0.3333333333333332, 0.0, 0.0, 0.0, 0.0, 0.0
0.0, 0.3333333333333333, 0.3333333333333333, 0.3333333333333333, 0.0, 0.0, 0.0, 0.0
0.0, 0.0, 0.3333333333333334, 0.3333333333333334, 0.3333333333333334, 0.0, 0.0, 0.0
0.0, 0.0, 0.0, 0.33333333333333337, 0.33333333333333337, 0.33333333333333337, 0.0, 0.0
0.0, 0.0, 0.0, 0.0, 0.3333333333333333, 0.3333333333333333, 0.3333333333333333, 0.0
0.0, 0.0, 0.0, 0.0, 0.0, 0.3333333333333333, 0.3333333333333333, 0.3333333333333333
0.0, 0.0, 0.0, 0.0, 0.0, 0.0, 0.5, 0.5
0.0, 0.0, 0.0, 0.0, 0.0, 0.0, 0.0, 1.0
# HMM: B
0.00987654321176189, 0.13702179545816393, 0.0010490136983955848, 3.940266566542928E-5, 1.0558407017746913E-6, 1.4846180935052712E-8, 1.4254135037981414E-10, 1.4875283154404892E-11, 0.0, 0.007567726238666676, 0.8444444444444443, 0.0, 0.0, 3.438602686756509E-9
0.04444444453490733, 0.4816338972797766, 0.012149942849324748, 6.956957818518716E-4, 2.557037939438686E-5, 4.637815209841262E-7, 5.67127679624015E-9, 6.481161982072838E-10, 0.0, 0.061049862543893114, 0.39999999999999997, 0.0, 0.0, 1.1652993771956401E-7
0.049382716804322206, 0.5161814764731474, 0.028249287559187743, 0.002309451423988778, 1.126499373840822E-4, 2.578532008634274E-6, 3.9591537124836916E-8, 4.930341677673506E-9, 0.0, 0.10746479854188201, 0.29629629629629706, 0.0, 0.0, 6.999099035200515E-7
0.05135803249485382, 0.5536229241387263, 0.082508617558207, 0.009691104592176996, 6.250112266564449E-4, 1.792744393198637E-5, 3.4377264411496177E-7, 4.653415704738167E-8, 0.0, 0.23105962848831946, 0.07111111111112071, 0.0, 0.0, 5.25263920615507E-6
0.032323279297996846, 0.46445248612316686, 0.1431855554229215, 0.023951309213572143, 0.0020368478078541053, 7.291556709957742E-5, 1.7420767086781943E-6, 2.559522711471809E-7, 0.0, 0.3016293097199033, 0.03232323232331555, 0.0, 0.0, 2.3066495190101163E-5
0.011287743798801894, 0.32589692608586296, 0.23375918475192364, 0.05578761575245317, 0.006260561707037844, 2.791957537331695E-4, 8.30685864362665E-6, 1.3235724723985436E-6, 0.0, 0.36662368594397005, 6.775500044362217E-13, 0.0, 0.0, 9.545577442355771E-5
0.0027684138331899866, 0.17580862241891623, 0.31711148133670153, 0.13566452660255263, 0.02785073195479181, 0.002296066696756401, 1.582621268576083E-4, 3.667650360547463E-5, 0.0, 0.33726442170822324, 6.645079634765417E-10, 0.0, 0.0, 0.0010407961538971993
0.09110701958123028, 0.08495782806447623, 0.14201526477678691, 0.18603612113344226, 0.1109561779895251, 0.05759649402702772, 0.07287924806867396, 0.05162605217782372, 0.0, 0.10872757652461618, 0.01214767008728412, 0.0, 0.0, 0.0819505475691136
# END