# numStates:
8
# numObservations:
14
# defaultProbability:
1.625877945422532E-7
# Quantizer: Radius
0.871631763970836
# Quantizer: MAP
0.871631763970836, 0.0, 0.0
0.6163367310013704, 0.0, 0.6163367310013703
0.02543489123496609, 0.27563808316750626, 1.573774456186405
-0.6163367310013703, 0.0, 0.6163367310013704
-0.871631763970836, 0.0, 0.0
-0.6163367310013705, 0.0, -0.6163367310013703
0.21664151999999998, -0.09735767999999997, -1.120428
0.16931655000000004, -0.06775019999999998, -0.31739940000000005
0.03809825972307691, 0.32646845326153845, 0.012529284923076922
0.049148487926399996, 0.4987270059384, 0.6188213127576001
0.018815359593677434, -0.06033961279006506, 1.0428774284903215
0.03173112359644086, -0.412357093865379, -0.022892739921095664
-0.28800000000000003, -0.7289999999999999, -0.9810000000000001
0.16667442600000001, 0.30702096600000006, -0.6476649
# HMM: PI
1.0, 0.0, 0.0, 0.0, 0.0, 0.0, 0.0, 0.0
# HMM: A
0.3333333333333332, 0.3333333333333333, 0.3333333333333333, 0.0, 0.0, 0.0, 0.0, 0.0
0.0, 0.33333333333333326, 0.3333333333333333, 0.3333333333333333, 0.0, 0.0, 0.0, 0.0
0.0, 0.0, 0.3333333333333333, 0.33333333333333337, 0.3333333333333334, 0.0, 0.0, 0.0
0.0, 0.0, 0.0, 0.3333333333333333, 0.3333333333333333, 0.33333333333333337, 0.0, 0.0
0.0, 0.0, 0.0, 0.0, 0.3333333333333333, 0.3333333333333333, 0.3333333333333333, 0.0
0.0, 0.0, 0.0, 0.0, 0.0, 0.3333333333333333, 0.33333333333333337, 0.33333333333333337
0.0, 0.0, 0.0, 0.0, 0.0, 0.0, 0.4999999999999999, 0.4999999999999999
0.0, 0.0, 0.0, 0.0, 0.0, 0.0, 0.0, 1.0
# HMM: B
0.0, 6.452951656167828E-10, 5.960707597932033E-4, 0.0, 0.0, 0.0, 0.10596731920615958, 0.06584377115722537, 0.013984180564063486, 0.0032727131625858536, 2.0607264505744565E-4, 0.43518617499228635, 0.33333409148345344, 0.04160960538407991
0.0, 2.1941058060467836E-8, 0.0070536268330848905, 0.0, 0.0, 0.0, 0.10082797305863678, 0.23046393841974114, 0.09724602692579022, 0.030128993713162796, 0.0027033706701349845, 0.40742731970632806, 0.0, 0.12414872873206294
0.0, 1.3166541920996705E-7, 0.01699334569683667, 0.0, 0.0, 0.0, 0.11250464643391883, 0.2359853559345614, 0.15051434631312893, 0.05818329727499413, 0.0068991363011830665, 0.2963537028015423, 0.0, 0.12256603757841562
0.0, 9.838680468419985E-7, 0.05254998806698275, 0.0, 0.0, 0.0, 0.12028156753288363, 0.21914312988867835, 0.2718082708226603, 0.13860960615069656, 0.02203564200485313, 0.05931693741347685, 0.0, 0.1162538742517216
0.0, 4.2886757015433276E-6, 0.09901140395957234, 0.0, 0.0, 0.0, 0.08254266617167291, 0.15007757485758713, 0.2955972381824623, 0.19784300547275493, 0.04135478105699623, 0.02701396347436568, 0.0, 0.10655507814888686
0.0, 1.759476802739306E-5, 0.18121391985149538, 0.0, 0.0, 0.0, 0.03951394994610295, 0.06796399390729707, 0.28584684086936396, 0.26412880319528365, 0.07280364958315909, 0.0, 0.0, 0.08851124787927062
0.0, 1.7552824848674682E-4, 0.3194085640396686, 0.0, 0.0, 0.0, 0.016008180926533357, 0.023122928004992622, 0.19444504949497535, 0.2738636272494873, 0.11423005067274454, 0.0, 0.0, 0.0587460713631116
0.0, 0.01689767521938096, 0.5392482344280973, 0.0, 0.0, 0.0, 9.40649397829977E-4, 9.406493978299766E-4, 0.036724520240278676, 0.11303542844895609, 0.282013764674489, 0.0, 0.0, 0.010199078193137989
# END