# numStates:
8
# numObservations:
14
# defaultProbability:
3.333616672116951E-11
# Quantizer: Radius
1.7714785214785214
# Quantizer: MAP
2.1649659863945576, 2.465201465201465, 0.962857142857143
1.4002976190476188, 1.4567307692307698, 1.1175
0.5732142857142855, 0.34807692307692306, 1.0609999999999997
-1.333333333333334, 0.20167652859960553, 0.9456410256410257
-2.991596638655462, 0.6787330316742083, 1.395294117647059
-1.2526244752637818, 0.0, -1.2526244752637814
0.0, 0.0, -1.7714785214785214
1.2526244752637812, 0.0, -1.2526244752637818
0.3831168831168832, 3.769230769230769, 0.6709090909090909
-2.1023809523809525, 3.243589743589743, 1.3146666666666667
0.0, -1.2526244752637814, 1.2526244752637816
0.0, -1.7714785214785214, 0.0
0.0, -1.2526244752637818, -1.2526244752637814
0.0, 1.2526244752637812, -1.2526244752637818
# HMM: PI
1.0, 0.0, 0.0, 0.0, 0.0, 0.0, 0.0, 0.0
# HMM: A
0.3333333333333335, 0.3333333333333335, 0.33333333333333354, 0.0, 0.0, 0.0, 0.0, 0.0
0.0, 0.3333333333333334, 0.3333333333333334, 0.3333333333333335, 0.0, 0.0, 0.0, 0.0
0.0, 0.0, 0.3333333333333334, 0.3333333333333334, 0.33333333333333354, 0.0, 0.0, 0.0
0.0, 0.0, 0.0, 0.3333333333333333, 0.33333333333333337, 0.33333333333333337, 0.0, 0.0
0.0, 0.0, 0.0, 0.0, 0.33333333333333326, 0.33333333333333326, 0.33333333333333337, 0.0
0.0, 0.0, 0.0, 0.0, 0.0, 0.33333333333333326, 0.33333333333333326, 0.33333333333333326
0.0, 0.0, 0.0, 0.0, 0.0, 0.0, 0.5, 0.5
0.0, 0.0, 0.0, 0.0, 0.0, 0.0, 0.0, 1.0
# HMM: B
5.591810138517565E-4, 0.02449737429249291, 0.9749346445661007, 2.3183559224506102E-7, 1.52045647756155E-7, 0.0, 0.0, 0.0, 8.081423620890503E-6, 3.348226937007221E-7, 0.0, 0.0, 0.0, 0.0
0.007647437104627954, 0.1781037528287706, 0.8140693300619264, 5.943736757404209E-6, 4.18106154628845E-6, 0.0, 0.0, 0.0, 1.6099491157074299E-4, 8.360294800665297E-6, 0.0, 0.0, 0.0, 0.0
0.02031805080680841, 0.28663474638221353, 0.6923675233392207, 2.7568514055470535E-5, 2.0650402838087073E-5, 0.0, 0.0, 0.0, 5.937077531063726E-4, 3.775280175767002E-5, 0.0, 0.0, 0.0, 0.0
0.06785281785307946, 0.5469266201770465, 0.3819572713659146, 1.6085726251095187E-4, 1.2788595346140957E-4, 0.0, 0.0, 0.0, 0.0027605470134325354, 2.140003745545603E-4, 0.0, 0.0, 0.0, 0.0
0.13323866117008537, 0.6309253966171661, 0.2265741209779269, 5.512963012807009E-4, 4.6381509348787593E-4, 0.0, 0.0, 0.0, 0.007536279582392308, 7.104302576604704E-4, 0.0, 0.0, 0.0, 0.0
0.24451923501331413, 0.6603969647348882, 0.07014570515259046, 0.0017842759900146027, 0.0015836812553612952, 0.0, 0.0, 0.0, 0.019351580536307176, 0.002218557317523945, 0.0, 0.0, 0.0, 0.0
0.3837276457458231, 0.5076281367512485, 0.023532210490266096, 0.009334821644310397, 0.009228411552763976, 0.0, 0.0, 0.0, 0.05641185292243401, 0.010136920893153708, 0.0, 0.0, 0.0, 0.0
0.16963004237756832, 0.08239416462390473, 0.005516959277138904, 0.364000962861943, 0.18430089526839982, 0.0, 0.0, 0.0, 0.11346799761383106, 0.08068897797721399, 0.0, 0.0, 0.0, 0.0
# END