# numStates:
8
# numObservations:
14
# defaultProbability:
2.1847696307652125E-16
# Quantizer: Radius
1.2637362637362637
# Quantizer: MAP
1.7385204081632648, 1.8489010989010988, 1.2214285714285713
1.2057142857142857, 0.9015384615384616, 1.192
-0.8022648083623692, -0.06378986866791747, 1.2604878048780486
-2.186755952380952, -0.2636217948717949, 1.4900000000000004
-1.4417989417989416, 0.7649572649572649, 0.9199999999999997
-0.8935964817192635, 0.0, -0.8935964817192632
0.0, 0.0, -1.2637362637362637
0.8935964817192631, 0.0, -0.8935964817192635
-0.17236024844720493, 1.6070234113712374, 0.47130434782608704
0.9776785714285713, 1.939102564102564, 0.665
0.5654761904761906, 0.2564102564102564, 1.0100000000000002
0.0, -1.2637362637362637, 0.0
0.0, -0.8935964817192635, -0.8935964817192632
0.0, 0.8935964817192631, -0.8935964817192635
# HMM: PI
1.0, 0.0, 0.0, 0.0, 0.0, 0.0, 0.0, 0.0
# HMM: A
0.33333333333333337, 0.33333333333333337, 0.33333333333333337, 0.0, 0.0, 0.0, 0.0, 0.0
0.0, 0.33333333333333337, 0.33333333333333337, 0.33333333333333337, 0.0, 0.0, 0.0, 0.0
0.0, 0.0, 0.3333333333333335, 0.3333333333333335, 0.3333333333333335, 0.0, 0.0, 0.0
0.0, 0.0, 0.0, 0.3333333333333333, 0.33333333333333337, 0.33333333333333337, 0.0, 0.0
0.0, 0.0, 0.0, 0.0, 0.3333333333333332, 0.3333333333333332, 0.33333333333333326, 0.0
0.0, 0.0, 0.0, 0.0, 0.0, 0.3333333333333333, 0.3333333333333333, 0.3333333333333333
0.0, 0.0, 0.0, 0.0, 0.0, 0.0, 0.5, 0.5
0.0, 0.0, 0.0, 0.0, 0.0, 0.0, 0.0, 1.0
# HMM: B
7.823649244224467E-9, 2.369504674816148E-10, 0.9172382258829471, 0.008635640331376523, 5.021417439813883E-5, 0.0, 0.0, 0.0, 1.7496541125213443E-6, 8.780951280477207E-8, 0.0740740740870534, 0.0, 0.0, 0.0
2.631751812546435E-7, 9.362792756848468E-9, 0.9236396892036046, 0.07543264446236014, 8.835980795245304E-4, 0.0, 0.0, 0.0, 4.122767096792326E-5, 2.5674935034716854E-6, 5.520652210377982E-10, 0.0, 0.0, 0.0
1.5676022813544339E-6, 6.494558497880449E-8, 0.8535284265556676, 0.14336534500057316, 0.0029145593312624053, 0.0, 0.0, 0.0, 1.766280704229092E-4, 1.3404320425027287E-5, 4.173782917039442E-9, 0.0, 0.0, 0.0
1.1653093788024449E-5, 5.60486040517927E-7, 0.6467306891753272, 0.34010875249504474, 0.01211007107355548, 0.0, 0.0, 0.0, 9.507185013857306E-4, 8.751600349243386E-5, 3.917136603299253E-8, 0.0, 0.0, 0.0
5.0618275453603946E-5, 2.823538906976497E-6, 0.4762023875053695, 0.49090181671406313, 0.02951144645419277, 0.0, 0.0, 0.0, 0.0029967568752902484, 3.339362848947904E-4, 2.1435182869217248E-7, 0.0, 0.0, 0.0
2.0686353925154552E-4, 1.3386258017540408E-5, 0.2564070121403304, 0.6658657049707052, 0.0674325849547501, 0.0, 0.0, 0.0, 0.008875883345537941, 0.001197461392533569, 1.103398873482179E-6, 0.0, 0.0, 0.0
0.0021055658685455573, 2.4860545959545495E-4, 0.09953294440873152, 0.7005464769102426, 0.15452666566594225, 0.0, 0.0, 0.0, 0.03513408998298381, 0.007875242665308462, 3.0409038650248807E-5, 0.0, 0.0, 0.0
0.17271712004342388, 0.1543459388290076, 0.0024012400325458616, 0.14896634498236597, 0.1489415504564906, 0.0, 0.0, 0.0, 0.13867291769520318, 0.1475125924885586, 0.0864422954724042, 0.0, 0.0, 0.0
# END