# numStates:
8
# numObservations:
14
# defaultProbability:
2.586365790288458E-10
# Quantizer: Radius
0.8959404642510325
# Quantizer: MAP
0.18911630690121606, 0.071796552938136, -0.11305490925060009
0.10306025618760004, -0.2189314923264, 0.5230938326615999
-0.27084201514000006, 0.010196262280000016, 1.6393969829199997
-0.1735108915148, 0.16083685711, 0.9325154927843999
-0.8959404642510325, 0.0, 0.0
-0.09317606344732197, 0.02197618133373003, -0.31759126644683416
0.12204459351163796, 0.07047155628065271, -1.4745418214102302
0.26140366680401644, 0.02307705400592229, -0.8957078798758955
0.0, 0.8959404642510325, 0.0
-0.07507572237851998, 0.16001818107620006, 0.3308572869887599
-0.017753462181818176, -0.20750657727272728, 1.1907892554545456
-0.108, -0.5670000000000001, -0.09000000000000001
0.0, -0.6335255778113288, -0.6335255778113286
-0.09208992741713277, 0.13124883096002882, -0.8773135348125315
# HMM: PI
1.0, 0.0, 0.0, 0.0, 0.0, 0.0, 0.0, 0.0
# HMM: A
0.3333333333333333, 0.3333333333333333, 0.3333333333333333, 0.0, 0.0, 0.0, 0.0, 0.0
0.0, 0.3333333333333333, 0.3333333333333333, 0.3333333333333333, 0.0, 0.0, 0.0, 0.0
0.0, 0.0, 0.3333333333333333, 0.3333333333333333, 0.33333333333333337, 0.0, 0.0, 0.0
0.0, 0.0, 0.0, 0.33333333333333326, 0.3333333333333333, 0.3333333333333333, 0.0, 0.0
0.0, 0.0, 0.0, 0.0, 0.33333333333333337, 0.33333333333333337, 0.33333333333333337, 0.0
0.0, 0.0, 0.0, 0.0, 0.0, 0.3333333333333334, 0.3333333333333334, 0.3333333333333334
0.0, 0.0, 0.0, 0.0, 0.0, 0.0, 0.5, 0.5
0.0, 0.0, 0.0, 0.0, 0.0, 0.0, 0.0, 1.0
# HMM: B
7.108569506731377E-6, 0.2720608447662133, 0.05265693769668643, 0.024846959332910916, 0.0, 3.150071977492729E-5, 3.6365957131184486E-7, 1.7603647071862014E-6, 0.0, 8.321207834350261E-5, 0.35401177924899213, 0.2962968852726927, 0.0, 2.6482906005469833E-6
1.3632279637555895E-4, 0.10376004743763025, 0.2909797543593696, 0.05148736388508309, 0.0, 5.252191173242395E-4, 9.40849514904827E-6, 4.113534959935067E-5, 0.0, 0.0012361048652949462, 0.5517686091705105, 0.0, 0.0, 5.6034523663573305E-5
4.8346273958671374E-4, 0.07683042643944296, 0.394043880222046, 0.038484637799973555, 0.0, 0.0016422119585730937, 4.39309225162594E-5, 1.746405624309134E-4, 0.0, 0.0035197425747074255, 0.4845601498191323, 0.0, 0.0, 2.1691696159080925E-4
0.0021520938394353484, 0.029921068206337456, 0.6095039108400331, 0.018537201571539572, 0.0, 0.0064303903250500305, 2.575681403175844E-4, 9.307272242363542E-4, 0.0, 0.012622626312133092, 0.3185915794151533, 0.0, 0.0, 0.0010528341257640052
0.005594779842103165, 0.04793853207340012, 0.617850634356724, 0.036519108396116946, 0.0, 0.014674712428044792, 8.851452796757865E-4, 0.0029026002898250285, 0.0, 0.02662946922448298, 0.24402227366895948, 0.0, 0.0, 0.0029827444406679035
0.01360440764080343, 0.07114597051881967, 0.5830955363193256, 0.06754854014521162, 0.0, 0.03117644671203171, 0.002868978320833791, 0.008511986633167806, 0.0, 0.052771936090535904, 0.16136467382098985, 0.0, 0.0, 0.007911523798280848
0.034296826401758775, 0.08162525872895791, 0.44802370740458913, 0.10757465993001855, 0.0, 0.06085703208549522, 0.014405775913790874, 0.03273437773272465, 0.0, 0.0951160118050474, 0.10157002173107238, 0.0, 0.0, 0.02379632826654522
0.06436953091418558, 0.037532003620743465, 0.11806628200569314, 0.08150478039627862, 0.0, 0.0701887454648817, 0.23102923559408686, 0.2121396893566941, 0.0, 0.10265001362696817, 0.015071366334954261, 0.0, 0.0, 0.06744835268551413
# END